01234
01243
01324
01342
01432
01423
02134
02143
02314
02341
02431
02413
03214
03241
03124
03142
03412
03421
04231
04213
04321
04312
04132
04123
10234
10243
10324
10342
10432
10423
12034
12043
12304
12340
12430
12403
13204
13240
13024
13042
13402
13420
14230
14203
14320
14302
14032
14023
21034
21043
21304
21340
21430
21403
20134
20143
20314
20341
20431
20413
23014
23041
23104
23140
23410
23401
24031
24013
24301
24310
24130
24103
31204
31240
31024
31042
31402
31420
32104
32140
32014
32041
32401
32410
30214
30241
30124
30142
30412
30421
34201
34210
34021
34012
34102
34120
41230
41203
41320
41302
41032
41023
42130
42103
42310
42301
42031
42013
43210
43201
43120
43102
43012
43021
40231
40213
40321
40312
40132
40123
