98765
89765
79865
97865
87965
78965
78695
87695
67895
76895
86795
68795
69785
96785
76985
67985
97685
79685
89675
98675
68975
86975
96875
69875
59876
95876
85976
58976
98576
89576
89756
98756
78956
87956
97856
79856
75896
57896
87596
78596
58796
85796
95786
59786
79586
97586
57986
75986
65987
56987
96587
69587
59687
95687
95867
59867
89567
98567
58967
85967
86957
68957
98657
89657
69857
96857
56897
65897
85697
58697
68597
86597
76598
67598
57698
75698
65798
56798
56978
65978
95678
59678
69578
96578
97568
79568
59768
95768
75968
57968
67958
76958
96758
69758
79658
97658
87659
78659
68759
86759
76859
67859
67589
76589
56789
65789
75689
57689
58679
85679
65879
56879
86579
68579
78569
87569
57869
75869
85769
58769